1.19474526216161
1.77018265478989
3.45750420817301
-1.10257980829001
1.55416956975166
0.461672544117268
-1.13627616406725
3.02478269827756
1.05713648961812
-2.10234437220171
1.76054209267327
0.00969666314315282
-1.26036233120353
0.593536254708227
1.40183070372737
-1.3677408445746
3.30873151830915
2.3508257454719
1.26379835346095
-0.668228199530467
3.40574524170302
0.375781619635072
1.34378924998362
-1.5130983068418
-0.489015988507386
1.83379852789673
-1.41879467194678
2.07831317878038
0.898463803091025
1.41714956132648
0.827197958336841
1.83550652244267
0.0863245591534397
2.7585076123304
-2.20686819523016
0.978844827991253
-0.824841463224941
-1.47706909041434
-0.955202208337238
1.3644880954663
1.64524425680458
0.832213153941012
0.36631587626569
1.41772307397622
2.76336782559266
1.27363050509424
-0.477168231376318
1.94189636136731
1.07904342704854
-1.12682225257427
0.235195038347472
-1.45644052730069
-1.77258037818643
1.58438468858801
2.77726262161036
-1.53569756009422
1.98131991066224
-0.684061980850711
0.630927846031028
1.65069324704115
-1.748973796379
2.85973694443207
-0.174261856990837
2.07447482615936
0.733826003603113
-3.00699532308998
-0.411919804804082
-1.44682617807198
1.67268711361983
1.70733288160432
-1.10352593079946
-0.601813571558698
3.11633032899047
1.37418205842468
-3.05027409996255
3.52788433780993
2.04821777427354
-1.64285080395541
-1.73867451025128
1.05632039456192
-0.719357666383422
1.7298801157248
-2.38511873601569
-1.3769744280957
0.362608290878842
-0.318202642528437
-0.947936332448475
0.241386638402108
1.190305872667
-1.85164447505893
-0.909451833851695
-3.51346048937749
0.763277054264672
2.8383665677343
-0.119057515749571
1.75411695704264
2.04230013238812
2.39945233333658
2.79257365885711
-0.807928938507823
1.33521608221714
-0.392346508200884
0.927093604773484
1.61840459714115
2.74012838483163
-3.37987744441344
2.16452219005182
3.8226585771796
-0.272176999567356
1.6089423539554
-0.0481705919149496
-2.75130636262905
-1.04808024442634
-0.584268770374197
0.0712958940148673
0.653574029777349
0.539234079610547
-2.64555039240497
1.81894736872115
-0.664880785605914
-0.409747851788655
-1.31516547928885
-3.58435330261428
-3.6283212612214
-2.26505456389474
2.97045055492862
-1.33098035991224
0.857757167674471
1.96522175028602
1.79783133766587
-1.45395948649759
1.25670213393903
1.09076047505734
1.59816784631876
2.09505598653824
-0.632059247205658
1.77834207165365
-0.892068474196268
-2.81814040808302
-3.27209710771715
2.48171853043217
0.105208778696679
2.71479282638449
1.31398449160348
-2.44945613849367
1.49699849178812
-0.473371685738195
-2.43713256548768
-1.58885176120762
-1.00214676038806
-0.876386959352927
1.21002734400229
2.04394650426353
2.91253833180054
-1.22755161875369
3.18679833277496
1.36956182278482
2.80873578566608
1.20160519804944
2.02521086034538
-0.582198195319742
1.6263093660557
1.79045533066444
-1.59432983184802
1.43357510361257
0.425181779361021
0.390789204182084
-0.286568770233906
0.143519015454668
2.75147734099381
1.43832197715987
0.400527223451622
1.39394997977901
0.462583332970217
-2.24687814666335
-1.25470326235808
-1.14013116296598
-1.92547208244983
0.659087617819209
-1.51356290577861
-0.327713910574214
0.437875568646535
2.19823633511191
0.546705454202534
-0.321030886567031
1.97248093178903
1.13227198872154
-2.58644420942504
1.6048412716142
1.87129035209402
-4.05229430087312
-1.0976584142138
2.26014275182669
-2.62568218098705
-2.24082272933742
3.77600580834029
0.867855542619834
-1.92122458099128
0.886048723654717
0.351360328840293
-0.379132311470353
1.68405163660679
2.10503124424556
1.74745229810591
2.67960429864564
1.75304359344865
0.602234735965549
1.9387350076486
1.44702993478491
4.09319318399384
-1.60244997780336
1.24168400684789
1.98129834214361
-2.30262297482491
-1.64891376461427
2.50786810408742
-1.79067495624006
1.49739785834728
1.80042448659102
1.05222473558247
2.79074390123534
-1.19633003171319
3.8179404861725
-1.30613901964589
1.89734543368294
-1.88644653603301
-1.19284284519323
-0.130270070968595
2.09627095446554
1.91539184659272
1.11612974200891
0.272006840104008
-1.2313225211584
1.08624029902676
-1.53349385579651
1.6154725921443
0.368369010057737
-2.0487515358952
1.05452285571243
-0.423417003844938
2.52780232753236
0.848416618889932
1.59372358002436
2.82870240655043
2.5027314231438
2.03548733666353
2.98768098713426
1.84362549010187
2.54131238823017
2.25019652194282
2.00470350346438
2.04241618781048
1.40994705806938
-1.22429359695569
-0.870569620648878
1.40065098685431
-1.89173531791133
0.955859399361646
-0.305772337846128
-3.13253067908552
0.329463516494936
0.303351252517008
0.659413552792936
-1.42560816841908
-2.28934925956059
-1.2494961718455
1.42063228501848
-2.15499804566614
1.06791228100671
0.770167458699735
0.0665377227180644
3.21969474894567
1.32868386819678
-1.16654190280845
2.2734842808529
2.70933987502657
0.00264308080701677
1.36038036177793
-1.58547613849657
1.29513348686509
0.165818868812369
-1.95642446073034
-0.675396637146753
-1.9498613621898
-2.03084833315654
3.65242625634593
0.460561514359825
-0.148981097712759
2.87688261201555
0.257289934077034
2.22247065147212
-3.05263763924879
-2.71354685209255
-2.61434121292794
0.621294891758478
-0.478162771833339
-1.42764854586199
1.62324694922338
2.14994102428514
-0.383773450939926
-0.435625735018799
-1.77624778302419
0.644039810255381
3.78599894188679
-2.29280915158557
-0.0182016267997255
1.47561321550505
0.164374298637601
-0.857875094763142
1.97277231514306
-1.82624449407069
-0.322620603143582
1.18303965061199
-2.68226662028479
0.547081952348794
1.02856097149898
-0.285150671517742
3.14227607466795
1.21365474171415
-0.959408326669213
0.53465965796597
-2.73046447874059
0.576592626910677
-1.35692238721637
0.991951716790541
1.85117836310655
1.12473835260926
-0.8744195342715
-1.6702700205409
1.64851130112351
2.59478156165922
-0.879497188954902
-0.809259930444385
1.38687573264252
-2.1784711250471
-4.01588483546865
-1.65145356201475
-1.76689429998623
-1.46798745516837
1.36204738565132
-1.10016895471142
1.64524540800326
0.812690302354484
2.43514668594085
0.970805870727982
0.524209666630427
-1.99087593187688
2.20373074728309
1.61303388521102
-1.11417118198228
0.957566337621979
-0.885938968426079
-1.36687440130695
-2.49164571388684
-1.33964478292431
0.542064913612174
1.95805026635766
1.80242204823228
3.36094379159798
0.34501636465535
0.884266928155023
-1.22967073218775
1.48423740025602
3.133293544471
-1.09004188190603
1.21959583133258
1.42905096429341
1.66590479183211
1.50031624091473
1.49907490967075
-0.372846700344482
-0.218300420402455
-1.93959194206089
1.30230257689834
0.308258808341794
0.906458977506421
-1.04453217528966
0.414227320980078
1.11105363386278
1.02357708516656
2.97325289839269
1.00134794011804
-0.614630471414744
0.285213850208035
-0.409556890403949
-0.966874314812963
1.80842553887391
-1.00593907695949
0.00813096351143451
1.92803046174039
1.78260991608459
0.119759739597412
2.14039420982069
-0.136315700544998
1.21273362365122
0.992056693044058
2.09043569758764
-2.20329110445653
-0.458462551610212
-0.0375052601817452
-1.19800336559057
0.875286538962569
-3.0736705303346
1.46801739866673
0.705512205201288
0.459565733907394
-0.30044471711735
1.5134909280539
-0.236000973997663
1.5446011840703
2.53802161049402
-2.4761652082264
2.09742947140884
-2.77638638270211
-3.57957810271314
1.40489466583582
-1.88571597215706
2.78473536870123
-1.76532423747154
2.47628658471644
1.57545026695625
3.14893839682705
0.994234945141929
-2.37406037196372
2.53209945335054
2.21744743473086
1.96479213969135
-1.31915156104953
-2.09038284414567
0.758137294454024
-0.328869878766263
1.67386398269477
-0.472292789485978
-1.67616588095972
0.374470941375364
-2.36867400094455
-0.786630649004126
0.329598613745687
2.02665161340322
-1.49566658469796
1.34651948045125
-2.82288792184872
3.77909745704291
1.73404087677903
-1.95668441723487
-1.60223270784366
-2.0699304565242
0.877197545731815
0.409901602817034
1.07870570207131
-0.874902526630842
1.59442690938258
-2.68527774452986
2.11156308036518
-3.95958334201986
-0.44431629109234
2.38634485031312
-0.0155493374579018
0.779956425811969
-0.204484593569988
1.97812211574718
2.16896814903663
1.70612502498866
2.09554205729513
3.05722944416549
-0.236230360903332
1.31672382212376
0.969487484062055
2.17858032602842
3.25207934796317
-2.49835063480473
0.086473453357123
0.544269266548594
-3.19808483537704
-1.44368508606748
-1.66183007854423
-0.0387787896889203
-4.33059758323332
-1.71572668930593
1.45920713981525
0.870675982788329
1.36726106136445
-0.933407421868185
3.41686809012902
2.48295259167285
1.92870491004585
2.48547168890099
0.608274145377159
-2.21259530207185
2.1775768578773
-2.46314848939703
1.12529366415294
1.86165433849165
2.31484409577281
1.47806558449459
3.05854279020237
2.92302352104491
-1.07409350665179
1.82160720810622
0.35165334635541
1.08650278534203
-0.206449057815269
0.324483825187447
1.94123308387313
2.12032473666554
3.25728389605388
0.549126095111286
-2.21076540270436
-2.36483840786919
1.08830966127362
-0.0738644804120727
0.169211639696946
-1.93964987723041
-0.672919409179188
-0.02845641779173
1.39020047342378
-1.07784826971988
3.10573882591461
-0.0213388051231998
-1.7893033625856
1.02629958976561
2.28497927566279
-2.34506125508926
0.836824376965925
2.98031985485548
-1.4414842723846
-1.18275165837021
2.32350188295901
-2.69578920727083
0.583657323919494
-2.32976900617374
1.96803382247382
1.63154644714395
0.817761979631967
1.54738982744682
-3.72113224111628
2.51911949068018
1.4691857133394
-1.1111453010433
-0.57833397925969
-0.597006681560127
2.53045311453844
1.88526892725661
-2.4133029737666
3.81677107510611
1.25696918665891
2.816293248599
-1.5481603249777
-1.4640838797664
0.71852235170442
-0.35964701230558
-0.139740657716182
-1.19536887572035
1.97700933564254
2.30991542496659
3.49715089375995
2.39770207653615
-0.105788635250352
-1.98122960802411
0.149788202905927
0.0199677631161059
-1.35700406388908
0.203138756100924
0.81736810438627
-1.40402266142406
3.39075812471902
-0.383487011863909
0.370759402802981
1.78698114664024
3.16575030575795
1.49137191257829
-1.43467925077004
1.77743139812746
-1.76952808323409
1.50844665394776
0.611055218503644
0.0470708019599084
2.04938869105527
0.514911811473292
1.50128516532942
0.977986991072947
0.964683114940307
0.438770405880684
0.70064584290133
3.23025501551405
-2.49880711490738
2.79970394669684
0.399663003906277
1.09335843071945
2.26065941480713
0.809833080938403
0.48990547306398
-2.02314012633566
-0.534105822651761
2.08267386915767
-2.13601950094918
1.07406693458968
1.71755495011166
-1.45197324476417
1.95674179843576
1.97984666450087
-2.53176864178221
1.14078778330883
0.904815422968987
1.51653730708596
2.05621700229477
-2.24695492078608
-0.275636305630412
-2.79541384305855
2.7454978698613
1.26587518892676
-1.03078232532131
-0.508166221890107
-0.740204158684678
-2.66901895423703
-1.5117690185812
-0.0942444344740264
0.152301844325752
2.3871926586873
1.08212608736606
2.379084417088
-1.04432528495582
1.07558810931566
-0.926995267225017
-2.01328994562353
-1.31758352254192
-2.47210996494087
-0.774459449765964
2.44934132072944
1.50423501189904
0.999965573761848
1.2940768069871
1.11464341456174
1.56394068198709
1.31422128160048
0.922308730558368
-3.16017447364875
-0.800339777122895
-3.13732767684948
-2.21285374307427
2.21888676411947
1.08694963097386
-2.01137667995316
-1.82580462722408
2.67347286344234
1.17700516365853
0.630060261084119
1.15478395430322
-0.825899727169072
3.34385911428137
3.07432728734236
-0.867244902956951
-2.06249293168625
1.33212172811171
0.376347771612716
-2.32158651644876
1.01059988537363
2.1844526919337
2.59424265242377
-1.98119106628383
1.68877631548398
0.0989976430227774
-0.652981737060447
2.91258633112592
-0.345054940976708
0.937197542083165
-0.102773765099171
2.8483217952636
2.76682614440302
-2.29913425461072
2.92205040356936
1.56623779202489
0.497010415204585
-1.63022298480059
1.71979838946791
1.59358363925508
0.664560617370118
2.51123385041456
1.12387617774184
-2.25661040983795
3.19076422902239
3.28906756222048
-1.46673498805807
-2.51074568785282
-0.906391941049158
1.19925175772491
1.53545135862621
-1.30987380346198
-2.5956014697658
1.17949435201777
1.67708060110804
0.996243223761785
2.07141628658099
1.77622559455211
1.33064128276727
2.78740090347224
-1.7170928792004
-0.0863541662839502
-0.303893650232474
1.58042203486225
-1.15581367407464
0.487124343999564
2.52078462273686
1.98617791575457
0.822437282664695
-1.24660712935404
-0.924046606717867
-1.90991099197494
1.63231848016098
1.96557767380526
-0.724702259908582
1.69480933186184
2.63750789831172
-1.34564448322624
1.33563321464884
-1.93207216039736
-1.0944652057192
1.37796298402403
-1.43864238775052
1.32302058004106
-0.00655615883229519
2.86597956385424
0.446090065606973
-0.22188060015398
0.340077154201858
-1.63950438990112
-1.09926451118244
2.31133167283042
0.0866318574228521
1.35876070210619
0.798873910433817
0.196750937588732
2.65573278513042
2.19292328549897
-1.46159171616707
-3.29638810415535
-2.62284480038141
-0.31888155541153
1.87990422834065
1.57306733989577
2.61310857301331
0.267382740298002
-0.429219337754682
-2.11980360661079
0.93618101165108
0.513944102326504
-1.38667553370288
-1.07848297438137
1.97907633485154
0.326204308312473
2.7052433410219
-0.905706129756385
0.0751315449669566
0.993989143383718
-0.113674888050442
2.15511855329022
-1.64993104102129
1.839221908329
1.27614827548033
-0.79296940549831
-1.26317260445304
-2.50787131533988
1.14414479178265
1.67572632313221
2.1484014815646
0.277186647136316
0.0750651071402239
1.94734879054148
-1.27503000719797
1.95280256510463
-2.60950182386015
2.58899916888363
0.925590896489416
-0.0841467719214973
1.96160824991265
0.804577479327258
2.87516632355106
1.24238131498272
1.27605596358603
0.787413483343061
-1.53065142759221
-2.26089544571147
-1.68228193592766
0.496877156417329
1.03472115784386
0.874427971889796
-0.439345780790025
-2.57573039993598
3.50333299265558
1.1732177099602
0.831284245208687
-1.54720613990464
-2.70305063933692
2.03966346681782
0.131833186084652
0.991522747916862
1.37149325267567
2.3312345000595
-2.3454230460063
2.46152647957741
1.8641574908639
1.8105727651169
3.51682136923365
0.30246529213015
-3.03620941263301
-2.36234970904993
0.580913355991634
-1.66301294280377
0.925274621096852
-3.88260309456873
-0.0356016486892896
1.36544879586779
0.862748151690502
2.44597424135357
1.51117332796958
-2.80347728201914
0.847651360186293
2.19758144492682
0.0347925788091534
0.216313808372905
0.350932490397968
2.7186492327913
-2.23212480859417
1.31727215911308
1.67522316639124
1.70558608630419
1.15901278462559
-2.4083970574443
2.25537317133126
2.19392832682247
1.81082747671376
1.90446458428633
2.09806898236444
-0.253319030570702
1.52323832506342
2.29535514319805
2.60859300636837
0.515504620200787
1.92196271258408
-0.160696878030819
0.889265847009336
0.518751262922066
-2.16848937396266
2.0379090691323
1.73025623211892
3.59910374112666
-0.0546232247723269
-1.13243289627942
0.804704234519548
0.025976947136985
-1.7971021174883
1.84069126738735
3.04568679338617
0.760837339755215
0.630301811116119
-1.87637189622988
1.81896784778072
1.9748930930095
-0.661130192694681
0.644769035785995
0.0671962345764155
-2.21603464423815
0.405500808648055
1.86624587303502
2.07124171228017
2.30100803038881
1.9831276777701
1.68884732659252
1.1758516937866
-2.68664431450178
-0.516143076351127
0.163627083056268
0.912410470420228
2.94477192780535
-0.54652441982025
3.59479507742553
1.33252973895808
-0.181932996746907
-1.66883800627567
-1.79260316157601
3.0647316598035
-1.20417941539877
-2.22452534360455
2.82859138639625
1.25558535217494
-1.84832149016039
-2.23056658560208
-2.41431521796786
1.38366798685329
-2.28454208381158
2.73673826309609
2.08774388250413
-1.01725844099133
-3.8391639749777
-0.831806299420055
1.34947145167511
2.23559744258503
-0.678025611089762
-0.221847345175735
-0.724061014411909
-2.12684845865926
1.972569797276
1.52585901371103
0.90393618056704
3.23067016462514
-2.65272738379569
-0.213650215783148
1.3608862571365
-3.20363991271374
0.788359912569162
1.59429186355858
2.08384008270625
-0.910895899459758
1.75245628582712
1.10109808502576
1.77133604635889
2.00671599359099
2.04680620070078
2.43303481082493
0.951055632199137
-1.1718835281058
1.28126036894227
-4.10478782955767
-1.04758766602063
0.0829355572871501
2.86268817041366
1.92282056473389
-1.50865121806096
3.73055880513645
-2.15126300119082
1.46474081465519
1.46049668450414
3.50775472566566
1.3326270781658
-2.75224436811275
0.773045530492397
-2.79779147600468
0.95246185664893
-1.15026180093832
2.41084622894478
-2.48761694515421
1.57596640449978
-1.26086830834148
-2.65824364628088
-0.429278533053133
-2.78367376206978
0.0498194064781663
-1.437466077291
1.62025117644743
-0.141535251322691
0.906686412555897
2.60908898849406
0.649112886806165
-0.956691763678171
2.7636074361412
-2.23999617249699
1.40961757852633
2.66363746757921
-2.40771623202535
0.231932876123301
3.47586862877961
-0.604927905586533
1.23796849952622
0.385551116662575
1.47500218081964
-2.0589571124035
1.85359017230274
1.66886780240092
-1.84309566714315
-3.16266708751714
0.64221295116369
-1.55713980686605
2.21714341996486
-1.51143298590084
1.78815253157094
0.797039974291921
2.57682512726675
1.1279810161926
1.64483402822003
1.40692632900914
2.41526870135052
1.97753375599549
2.47759091019753
0.742999240059011
0.496650900702539
2.07929658661039
-2.85298756055098
-0.629901242912316
2.62126356167683
1.41458899670488
-1.6466853271906
-2.45712562406123
1.04254524552413
1.754857404565
1.13886857438799
1.47047167863777
0.747216951058619
-3.33515646876851
1.04901011936365
0.281911005422637
